<?xml version="1.0"?>
<opencv_storage>
<intrinsic type_id="opencv-matrix">
  <rows>3</rows>
  <cols>3</cols>
  <dt>d</dt>
  <data>
    6.8099038668894866e+02 0. 6.3950000000000000e+02 0.
    6.7241633239112809e+02 3.5950000000000000e+02 0. 0. 1.</data></intrinsic>
<distortion type_id="opencv-matrix">
  <rows>1</rows>
  <cols>5</cols>
  <dt>d</dt>
  <data>
    1.6637836883195464e-02 -4.7774705326159544e-02 0. 0.
    2.9115674893947070e-02</data></distortion>
</opencv_storage>
